31.862
31.786
31.912
31.985
32.886
33.369
32.885
32.757
31.815
31.690
31.465
31.625
31.658
31.672
32.033
32.820
32.463
32.438
32.173
32.774
32.544
31.830
31.908
31.805
31.901
31.688
31.973
32.056
31.711
31.406
31.142
31.145
31.252
31.205
31.149
31.161
31.514
31.567
32.385
33.306
32.631
32.801
32.625
32.424
32.208
31.709
31.796
31.736
31.550
31.946
32.091
32.059
32.808
33.469
32.564
31.766
31.843
31.545
31.791
31.907
31.715
31.586
31.741
31.998
31.804
32.182
31.878
31.914
31.345
31.505
31.142
31.195
31.436
31.674
32.262
32.630
31.864
31.915
32.086
32.809
31.703
31.518
31.699
31.319
31.724
31.463
31.357
31.708
31.633
31.391
31.218
32.008
31.686
31.222
31.054
31.317
31.356
31.471
31.465
31.757
31.742
32.265
33.478
33.619
32.325
31.494
31.280
31.416
31.338
31.878
32.609
32.348
32.400
32.738
32.513
31.965
31.283
31.076
31.081
30.969
30.860
30.715
30.753
30.805
30.901
31.007
30.270
30.734
31.072
30.771
30.739
30.897
30.933
30.801
30.716
31.541
31.369
31.081
30.835
31.135
31.508
30.845
30.702
30.825
30.706
30.858
30.904
31.288
31.585
32.379
32.740
32.135
31.710
30.950
30.874
30.914
30.914
30.756
30.841
30.749
30.667
30.433
30.423
31.154
30.383
30.677
30.474
30.785
30.795
30.804
30.762
31.200
31.324
31.586
31.032
31.023
30.756
30.551
30.411
30.282
30.299
30.388
30.302
30.639
30.921
30.730
30.208
30.268
30.274
30.060
29.933
30.069
30.150
30.330
30.400
30.556
30.900
32.816
31.938
31.009
31.028
30.316
30.276
30.384
30.505
30.607
30.856
31.029
31.465
32.718
32.281
31.987
30.942
30.609
30.415
30.488
30.405
30.427
30.509
31.139
31.057
31.706
31.035
30.997
30.678
30.474
30.373
30.279
30.530
30.541
30.292
30.588
30.553
31.542
31.895
31.564
30.935
30.781
30.623
31.505
31.531
31.546
31.607
31.338
30.461
31.632
31.746
31.688
31.590
31.684
31.982
31.940
31.811
32.076
31.552
31.901
32.271
32.628
32.409
32.090
32.247
32.144
32.220
32.329
32.456
32.690
32.623
32.581
32.788
32.767
32.759
32.757
32.898
32.865
32.701
32.876
